time:0.1179ms 11631 1702
3559274
3559274
6441594
6933754
6933754
12000562
12000562
12000562
16531729
20073650
20632783
20632783
24761786
24761786
32106102
34075629
40621834
41000625
41000625
47424385
56564048
57716395
63641305
67439096
67439096
70982397
73536496
73536496
73536496
74243042
74243042
76424008
78098867
78098867
97368447
101027544
101929267
101929267
102303120
102303120
107466671
107466671
107554536
107554536
114807987
118710299
118710299
118710299
119413377
119413377
121205400
123427205
123959044
129154961
132567129
132567129
137017237
137017237
140351516
142357289
142357289
143542612
143558780
151687230
152607844
152607844
152607844
157863575
158374933
158592370
164973471
166052708
172490261
172490261
172490261
174076737
174076737
175530180
177181445
177181445
192958060
194847408
195400260
195400260
195400260
197493099
197941363
203042009
203042009
207314365
209234791
214459759
214459759
222902971
224582466
225419518
225882720
230168410
231367332
231367332
236262852
242817253
244116641
244116641
245832299
245832299
252193898
252193898
263081550
263081550
264032581
264032581
265509239
265509239
267127010
270438666
270438666
270649095
272112289
272112289
287846865
290145159
290145159
290623720
290623720
293034748
293034748
298918984
304555640
304555640
304555640
307187357
307187357
307738820
313952733
316824712
318153057
318153057
318665976
322791560
322791560
322791560
322842082
322968418
322968418
324735799
324735799
329863108
334734507
334734507
334734507
338725129
338725129
343077045
343077045
343098142
344185621
344185621
345807450
345807450
347221711
347221711
348318738
348318738
350213900
350213900
357571490
359301516
359301516
366782137
366782137
368034324
377901842
379847699
401203083
401203083
401203083
401203083
404319195
404319195
407052494
407052494
407052494
421567014
421567014
428540556
428540556
428975319
430880846
430880846
434756663
434756663
436476770
439295525
439295525
440796531
440967103
440967103
450031625
456880399
456880399
458588260
459244054
462242385
462242385
462242385
462242385
464685718
487495370
487495370
487495370
487495370
487495370
487495370
494500522
494500522
495149352
495149352
497991454
499521038
500782188
500782188
505523489
511142630
511142630
511142630
515204530
515204530
524102504
525244910
525244910
525244910
526439150
526439150
530511967
532236123
537140623
537140623
540151403
543436550
543436550
545293947
545293947
555860589
556228742
566211825
566211825
566211825
566211825
567222278
567222278
571486540
572547747
578134256
578134256
578354438
578354438
586802293
586802293
589673557
590357944
591316179
594139070
595278518
595278518
595278518
598709266
598709266
599777254
600246897
601915879
601915879
601915879
601915879
609960597
609960597
616783871
616783871
619880739
621301815
622268744
622268744
628070245
629306008
629306008
637940462
637940462
637940462
666082723
678030193
678030193
678030193
678030193
681910962
681910962
684570285
685118024
685428651
685428651
685428651
685428651
685583454
694558231
694558231
702715827
702715827
706642601
707454747
707454747
707765235
710298150
711192801
711192801
726031364
726031364
726943819
726943819
728252845
739972377
739972377
742753900
742753900
742753900
746232675
750597385
750597385
750607936
750607936
753799505
768094285
768094285
771515668
772359304
772359304
778248382
778248382
788974390
788974390
791481169
795054873
798669970
799980108
799980108
799980108
799980108
799980108
799980108
801783028
805972220
805972220
809207394
812535217
812535217
812535217
816289879
816289879
817350101
817350101
817350101
817350101
823564440
828433549
828433549
828433549
828433549
828433549
828530767
832633821
832633821
832861200
835740262
836045813
836045813
836045813
836445878
836941832
836941832
836941832
837204200
839594410
843998877
855007065
855007065
862929593
862929593
864877321
871419461
871419461
877819790
881140534
884936716
884936716
887972091
889119397
889688008
892053144
893351816
893351816
893369089
896544303
896544303
897054849
897054849
902024889
905333258
905333258
907225550
911254352
913090935
920998393
920998393
920998393
920998393
925238588
937186357
937186357
937186357
937186357
937186357
937186357
937217003
937357732
937673930
943454679
944303455
944303455
944303455
950885006
950885006
954597719
954597719
955308353
957627097
957627097
957828015
957828015
958829064
959637304
967113755
970343127
970343127
977260520
977260520
977764947
978719103
978719103
983646000
984943658
992663534
992663534
992663534
994977995
996497972
997389814
998595019
998595019
1004466924
1004844897
1005182819
1005240150
1005240150
1008240338
1008240338
1012028144
1021979358
1021979358
1023129506
1023129506
1023129506
1023129506
1030316714
1030316714
1039769627
1039769627
1042227878
1042227878
1044687875
1044788124
1044788124
1045501370
1049077006
1049997439
1051519025
1055151240
1055151240
1056219956
1060806853
1061382253
1062211800
1062211800
1062211800
1062211800
1070477904
1075260298
1075260298
1075260298
1075260298
1075260298
1078626766
1078626766
1086561466
1088387561
1094482710
1094482710
1101977992
1102246882
1102246882
1103669955
1105222769
1105222769
1108728549
1109242890
1110051703
1111767781
1111767781
1111767781
1112576031
1112576031
1114057121
1114057121
1115266930
1115266930
1115438165
1118753229
1123289549
1123289549
1127401868
1127401868
1128868263
1129841133
1129841133
1129841133
1129841133
1129966612
1131570933
1132610790
1132666825
1132666825
1135048762
1137522503
1137522503
1137522503
1137522503
1137522503
1137522503
1137522503
1137522503
1137522503
1137522503
1168279879
1174619517
1174619517
1174619517
1174619517
1174619517
1174619517
1174619517
1174619517
1174619517
1174619517
1174619517
1185044669
1185044669
1194314738
1194314738
1195795737
1195795737
1204554544
1205777106
1205777106
1213110679
1213110679
1227464303
1227619358
1227619358
1227619358
1229309669
1230092639
1230092639
1230092639
1236261662
1238616728
1240764503
1240764503
1245245250
1248300236
1248300236
1255820950
1257726610
1257726610
1260276489
1262976197
1264627439
1264627439
1264627439
1264817709
1264817709
1267248590
1269406752
1269406752
1269406752
1270425987
1270425987
1279743899
1279743899
1282409605
1283070434
1283070434
1288775055
1292006996
1300383328
1300383328
1300521576
1300521576
1300601360
1300601360
1301377876
1301377876
1311549152
1312349943
1323602331
1323602331
1323602331
1323602331
1324160811
1333685350
1346174542
1346174542
1348255379
1351934195
1351934195
1351934195
1351995223
1353963249
1353963249
1353963249
1356701299
1358796011
1360280366
1360280366
1362834840
1373365825
1373365825
1373365825
1373365825
1380889295
1380889295
1384907698
1384907698
1399116813
1399116813
1399399247
1399399247
1399399247
1399399247
1400285365
1401494901
1401494901
1404280278
1414318909
1417097773
1420250114
1426245435
1426245435
1428738283
1428738283
1428738283
1429157787
1430166551
1430166551
1432063067
1433829874
1433829874
1434444856
1436280767
1437784630
1439025357
1439025357
1439236385
1441282327
1441282327
1448530832
1448530832
1448891847
1452207730
1452207730
1458854788
1458854788
1459413496
1459413496
1461495731
1462863342
1462863342
1462863342
1463179852
1464689331
1474833169
1474833169
1478446501
1478446501
1479575244
1479575244
1483422903
1483422903
1489470342
1489470342
1490404473
1490404473
1493869940
1493869940
1493959603
1494664305
1495170053
1496786971
1496786971
1499086275
1500142232
1502574958
1505795335
1507977295
1507977295
1507977295
1508545802
1509658266
1509658266
1517114033
1520045406
1520045406
1520045406
1520045406
1523252771
1524325968
1524325968
1525679891
1525679891
1528073014
1528087670
1532062767
1532062767
1532649039
1536830211
1536830211
1536830211
1544374108
1545747467
1545747467
1545747467
1551901393
1554270776
1554270776
1554426955
1557810404
1557810404
1560024710
1570591835
1570591835
1570591835
1580723810
1583071032
1583071032
1586983133
1586983133
1592822761
1595850963
1595850963
1595850963
1597951661
1603481258
1603481258
1603481258
1603481258
1603481258
1603481258
1603481258
1603481258
1603481258
1603481258
1603481258
1637121029
1645347854
1645347854
1645347854
1645347854
1645347854
1645347854
1645347854
1645347854
1645347854
1645347854
1645347854
1647259579
1647259579
1652188234
1652188234
1653662173
1657737442
1657737442
1660760808
1668306648
1668306648
1668306648
1681462533
1681484711
1681808623
1681808623
1705698828
1706755176
1706993431
1708006727
1708006727
1708006727
1719533808
1722321934
1723153177
1723153177
1723153177
1725004503
1728536152
1728536152
1728536152
1732267506
1737195272
1737195272
1743532054
1746007307
1748946057
1748946057
1751072698
1752200983
1752200983
1755699915
1759921226
1759921226
1759921226
1763464891
1777724115
1777724115
1777724115
1777724115
1777724115
1777724115
1778878209
1779636775
1780776563
1784484492
1784484492
1785684024
1790245761
1790318751
1790318751
1792486327
1795739911
1795739911
1795739911
1796198014
1797619589
1802916854
1807130337
1807130337
1807130337
1808266298
1808275514
1808275514
1812423303
1812423303
1815859901
1815859901
1823811151
1823811151
1826500519
1826500519
1828087692
1838659649
1840127450
1840127450
1844185784
1847320614
1847320614
1850318675
1850318675
1850318675
1856734759
1856734759
1859468872
1862972615
1862972615
1864546517
1864546517
1866566972
1866566972
1866566972
1885902501
1887985652
1891469415
1891469415
1891469415
1893015680
1899894091
1901915394
1901915394
1902737335
1904797942
1908194298
1912844175
1927702196
1927703510
1927703510
1927703510
1931706890
1942727722
1942727722
1942727722
1942727722
1942727722
1951398138
1954899097
1954899097
1954899097
1962408013
1962408013
1971062967
1971319798
1971319798
1974044557
1976226904
1978084747
1987502657
1995333979
1995333979
1995333979
1995333979
1998097157
2000755539
2000755539
2001271631
2001271631
2003266087
2003266087
2005815166
2005815166
2008437311
2009907127
2009907127
2014119113
2014885176
2018044936
2020739063
2020739063
2020739063
2028841238
2034837525
2034837525
2034837525
2034837525
2035308228
2035308228
2038299453
2043046042
2043046042
2044747317
2044747317
2048760593
2051621609
2051724831
2067029090
2067029090
2068370778
2069048048
2072002281
2076422667
2076422667
2076422667
2076422667
2076422667
2076422667
2088376824
2111482797
2111482797
2111482797
2111482797
2111482797
2111482797
2111482797
2111631616
2111631616
2111631616
2118797801
2119315080
2119315080
2120263734
2120263734
2121578553
2124639789
2124639789
2128236579
2129300973
2129300973
2137606534
2146319451
2146319451
