time:0.0074ms 698 95
16531729
101027544
101027544
107554536
107554536
114807987
130060903
143542612
143542612
158374933
194847408
269220094
357571490
470211272
470211272
470211272
510616708
510616708
563613512
563613512
571540977
578354438
578354438
590357944
595028635
657821123
753799505
771515668
771515668
784558821
784558821
823378840
823564440
823564440
824938981
824938981
892053144
893351816
893351816
937186357
997389814
997389814
997389814
997389814
997389814
1075260298
1137623865
1137623865
1137623865
1137623865
1137623865
1137623865
1137623865
1144108930
1264817709
1351934195
1356425228
1356425228
1358580979
1399125485
1441282327
1441282327
1457850878
1458777923
1478446501
1551901393
1557810404
1580723810
1580723810
1580723810
1581030105
1581030105
1617819336
1617819336
1624379149
1624379149
1635339425
1654001669
1654001669
1784484492
1784484492
1816731566
1927702196
1927702196
1927702196
1927702196
1927702196
1952509530
1952509530
1954899097
1954899097
1954899097
1954899097
1962408013
2118797801
2118797801
2118797801
2128236579
2146319451
2146319451
